475.1657574966671
475.1992719660497
474.9913552938801
477.5285871117092
476.99281356346927
475.5649681502691
475.3630365765997
475.14324990402395
475.90590059618046
476.735413075806
477.95892912868834
478.06595944340677
480.914554540958
479.7147130630167
479.91610578052854
482.44119995314395
481.02694917062036
481.3943911846273
481.7011453783839
481.9971465206687
481.44189180852624
481.37990245718026
480.32684196166036
485.2104507361982
490.14475713665934
494.9665172692807
503.5415000835115
511.9085828371872
516.9731680672003
524.2623988420828
529.9689733662979
528.9490615170688
531.0931977835572
539.5400915081053
543.1898991922869
548.793750778226
554.7959630712305
557.4722161653141
560.0505227559859
563.8834091833464
566.8462375916514
569.8855189226978
571.9982125182664
569.7609067050807
569.6521568639764
570.2458762316268
568.6505981770648
567.8019065311736
567.7419644273729
566.4938162300348
567.1454278084723
569.3959151573284
570.6384871677088
569.2450183539232
565.8956304458471
567.300335408959
570.8797357498084
580.2111108584437
585.9417713062494
590.0618325568831
590.5127545980748
593.5365516439787
593.6037504702371
590.5365973684504
590.7940012733868
588.4882956935836
588.2907042460366
586.5548445343611
583.820797665945
583.2466233497196
585.429550872688
583.7023092858783
568.943854337593
563.6240688882293
559.0531231866801
554.0227289382474
551.1077340203049
546.0916341125028
542.7826268769412
540.3987424586383
538.3755523545847
541.6628216209647
543.9768292004948
546.9882896166744
545.3680662980156
544.8944719465292
543.2619904042845
539.014658011213
538.811214121812
540.2592508796359
543.7582982519916
541.6852476601995
543.9647419261023
544.5443205388297
548.0623675451378
552.9600589340249
557.5931410928696
564.6893338871793
565.1968083471689
565.0549558796954
567.8219293625244
565.8635255934513
563.6384059165375
562.6140642667679
562.782433230112
562.9830978240352
563.2292991970462
562.9080705700524
565.1625318435441
563.8811387447774
569.1741209436371
584.448843189146
584.6844536560646
585.889831885698
586.302648206814
585.5151769623877
584.3126399555641
586.3024670915595
584.9712321356594
583.9580880460323
583.4338400633131
583.6905860909734
583.7916286745178
584.7265528232899
585.6336421221271
585.8458792824662
585.8299604086111
585.1733566517213
584.6256147757582
584.2193136980493
583.3884928615886
582.959408403695
582.5864527625039
582.4565157554642
581.452882187211
580.5931826570904
580.4383455154663
579.7043108699404
579.6924868109238
579.5921201136457
579.9266171614875
581.1213291047811
579.2273264143961
576.0209265542649
568.4049965853234
561.1515035068139
556.783281991952
553.83161513688
548.347160196704
544.8355954060493
540.671203683755
536.5035369026359
533.290919283324
529.9965181879166
527.7384823808496
525.4291951004755
521.7021319761773
517.5050581606198
513.0489538563452
508.59446018958965
505.0383804984584
501.2885634650534
497.50260794485155
496.1641795241098
494.75917166621366
491.3723185776749
490.0997175853916
488.1541829238247
486.1766037695562
483.6420960871942
482.68176225405995
478.6201775932891
478.5051792828467
479.35462482493415
480.13477103509786
480.77926291443697
481.0317988794496
479.5554766814947
479.29192455240207
479.42342062552973
479.0975368726677
478.7788763868437
479.6545816884476
479.9716837842762
480.4212414087068
481.2271047719672
481.7427500709531
482.30779981479026
481.7009451431283
482.9950842664771
482.85989996496255
480.1985982430181
499.3446764259265
498.55358494804324
494.0879801729496
493.82526277271177
490.1615644602765
489.08019090447806
485.04379495769257
485.68901715286853
481.74912295261015
480.67605171845105
480.2648662730925
480.8720281238377
481.60209309666504
484.1145124821922
486.82431340990047
488.44839138438533
484.771445361993
481.1066012578493
475.80171001853125
475.188590629811
472.6571137983392
472.5392439349921
471.91465909965825
471.2964244342701
470.42750845303925
469.0473278050409
467.913623397245
465.9522583929515
455.08852186947286
454.8784484350545
455.240775516918
456.3965726039298
456.1309171226011
457.12992632814445
455.7806984819349
456.2640459266495
450.4421733879497
458.66923245339353
463.2729559820286
462.8707824533114
458.0906772635305
456.41790025688107
457.0121009459385
456.98218524924425
457.35527574311766
456.38160437381975
457.72354288202433
462.3540201512055
464.81944534367256
459.1400846114494
456.0693258528694
455.14666637094433
450.74746803570554
453.1089956865492
460.0779874938012
457.07270062651173
458.27563370316034
457.5319564391029
456.120083677925
456.0743137338292
458.24251727686436
459.94876855791415
464.81585002503317
467.06421197711467
464.9223874860862
464.9850362121814
461.33424499005974
459.0537734115477
455.48601834488767
460.9777472038537
460.47383802941914
461.139518356933
462.07742935809875
461.71322703679965
462.401487029177
462.97585196038665
462.2252237272673
461.33928160417895
462.1098304640924
461.8298492889598
461.4262179555697
461.58049545865657
459.5366210269062
457.3199297752051
455.37105005920404
466.1533524529053
471.76017332960237
471.5519173991462
471.5804265304036
470.0244494943007
469.55375012945404
469.4478681055695
468.88823799556013
468.25150999203703
466.5266349053198
465.8167879643181
464.49758849161634
463.44243889871086
459.97291285936325
459.4840457490509
457.9800571220883
458.346837523139
459.02894215108086
459.5973355273444
459.26524105249007
458.3423087963323
458.0527457623482
456.7240510820507
454.5387288789068
455.27225124681036
455.94723936941205
456.07624604869875
455.8440809323265
454.76563167405476
453.15123735015055
451.93966267790034
451.2638185515892
451.31007342971316
451.41250377375286
452.0046698158121
450.93378196582285
451.03036919829356
452.8958103437937
459.14789658864544
470.42606526451226
473.83053363729437
473.68497012348325
473.5300520621807
473.49895062436576
473.0840563224553
472.5592032909928
470.71496836137186
470.4253355528314
467.7492536854024
469.4973223764138
466.32995858485083
463.32755122568483
464.1316396262923
462.97186612673755
463.6477056423962
464.11232088812545
462.2675142419326
460.1972795837059
458.4197569241119
456.7436967133308
456.357266112447
456.3452924064133
456.86282229643
457.4006474075257
456.3961917662966
455.2982438447726
454.5793427356826
454.2400197104209
452.07729868767154
450.32518039418864
448.8581270835229
448.4634947853789
446.3486499591562
446.2929256463899
446.36264099725787
448.60474115165204
460.5734795703132
465.045523401539
470.6391286268168
470.1783326291033
469.5319415469279
469.5345777782229
469.0838459037486
468.96193995126725
470.25393280141594
471.2174311817377
469.3645780782352
468.39706497478466
468.1721771814346
467.6898153732636
464.55232429070014
461.7137386134922
461.3527351228006
462.4613109582408
464.14955212047323
462.0959729597911
462.8259525641844
463.96102743114415
462.2103488465942
460.7841318687885
458.0460891830178
456.91966427620883
456.8538270354634
458.13640920058083
460.511937388957
463.2886880040288
463.3487544976777
466.7403831226901
468.7985026076567
468.2665593526512
469.19862743585645
463.76377830873935
461.24484235527916
459.2214399455322
456.8676085102851
454.06999256809553
451.5564916896446
449.5336832536753
450.5662415294123
457.19366330130174
466.29840824943886
476.81160925676613
477.38314473908855
478.72345123303927
479.8356653958472
480.23399402582635
481.17177788216446
478.75227365636965
478.0142035639944
478.20267886692517
476.6813273225718
474.9274926654875
470.50583436608815
469.3875002126873
470.215482536689
468.8669547512543
466.10226263949977
464.74279029633254
464.3744969704331
464.1842076529845
464.3741216047084
463.114103048089
464.0549756879851
466.59925830987567
470.20892805617143
472.87863573107165
474.6871708673716
473.8324976644638
475.3774702458254
476.0857432764107
478.0393914793314
479.61577410232303
478.4492862431617
479.72402722084786
478.29093769943245
479.1874744582316
478.89754947678034
489.4170758095922
498.38128613986
506.2155170759742
510.0512030557445
516.9689226318701
526.9440395716568
532.6705665887558
537.2163926827894
541.7435622724868
544.5503603640731
547.8001016460113
548.2130682324288
548.035828460391
550.2505121731632
556.7566804609515
556.9538526843254
557.4242653025289
560.0992243654692
563.3992063259863
564.2266738219032
563.6427868273801
562.7892639685982
560.8869791262331
562.0606951929902
564.3062403997972
566.9344218893615
569.9223664777708
564.0847067793406
564.1297898765492
567.6302414504776
568.5916370840655
564.091016363812
553.9295780048037
547.9326674287416
540.2052297701765
536.5740840984982
532.9763316889906
527.4018046850834
524.2730334685106
521.0273333840155
520.6611864956727
517.668774696295
513.6141170951518
508.3162770026099
504.69726646144335
502.2530897456114
500.0853772609232
497.41941578728796
491.6302513223069
487.6760411118982
485.3322337411753
483.6694124349218
479.1943927574465
474.2773239558491
473.62962641123863
476.4947229709323
475.0401255033304
473.5319649713807
471.2827865834118
469.5889966752359
468.59803203242785
468.5857985159372
468.82498469554037
471.704495726947
474.37796221117344
473.61523304365863
473.6011740664007
476.0160509536647
475.934406129477
474.3783274593326
480.46817803040506
484.99443789789876
488.00843964163283
482.5715717735966
480.8460272160627
477.8211170764781
474.7146853714718
473.82143952221156
472.37275355202644
471.4576573065078
470.9541977801424
472.11391591116916
471.2433123691182
469.19044613283336
470.8743525768179
470.97050979949967
465.3479751754452
467.7045300090535
461.4922521795389
459.3452503606485
459.10883239269805
459.1319797857563
453.6630380678307
463.490324470028
460.539046811871
469.8984597878204
476.13367312181464
475.6649766052502
472.3318746423666
472.120887011369
472.0470029503817
472.2985282776927
471.47670357924966
471.77189876583355
471.6872793486489
472.1248392557865
472.4993792333887
472.46844238459727
473.2620448074176
472.72068484928457
472.4580453624243
472.2963484845157
472.583247567118
472.36636516838297
471.1576416332143
471.1029155796785
471.6491139365341
472.13974316966323
472.0576422790539
473.1209358294126
471.4555565996607
473.68469075523547
472.3191790115203
473.7272704824196
471.9558610833567
465.45680056569523
466.07202362872505
468.2029981833512
470.16954102468054
469.7106342333828
468.71128183290494
466.36036625471814
464.59087108893965
466.8924889774792
468.5486950371365
472.4309338362739
472.3617442129117
473.5508867992787
471.4864870217445
471.3501019513616
468.98545588789955
474.81294454857454
474.06464346304494
475.73268394910525
473.03986627041866
473.3450551176838
473.65896211201107
475.07265591725746
477.610217451115
471.9520640798856
473.85609358848194
482.83388502136677
491.14178238719114
487.6238066712584
486.95594657514647
486.504024079108
485.58864497650995
484.229748107191
485.0099117258084
485.70817478808925
480.97116664454956
473.75834965717445
472.1980047923261
471.49172948503156
472.5567304043977
472.5704325624489
470.2518209070213
468.6098020991163
466.84925645291173
461.451948310057
458.56021851134886
460.2603530919595
461.4631637436361
460.82311446309365
462.9119443140103
457.30056732717605
457.4736056168879
459.66261910615157
457.23656452068826
455.0172280412524
455.372964430441
455.19651777516316
453.1579778676943
452.4471255992643
450.53296394897586
445.8373333567116
455.420269908031
463.98428691561935
471.08740332595386
472.3442006729552
470.27432950321145
469.99722583079586
470.22411525784355
474.5317533341882
477.04424226820055
478.7805585615184
482.0087448329494
486.09817943123136
490.4988658590383
496.36371102138173
478.5226506855427
466.5038153707588
496.31861293699376
519.42247174184
522.9024899436458
518.4462998258409
525.5845159443489
523.483335260669
523.9936067050238
520.9638775055615
520.911093723119
516.9173726336114
517.8884274049398
516.868404066506
517.4081712155526
519.1648381359082
522.1129138135707
524.4724676641061
527.279887975212
522.1342367174602
520.0168415084362
517.2785208383032
513.5715754744808
504.0826015796112
513.1372190637239
503.459346337394
510.28683302183606
508.8480547562358
525.681225344625
537.6446898860136
520.1634053342189
494.509004006282
484.938664234041
479.4673306208262
473.91116754723106
472.90562358467764
471.09949343815777
469.9195159559766
468.30846626810114
464.54984358206036
459.69348386816426
456.5643886126326
455.18286026566096
455.9478905394375
455.8915801075636
453.8299953440567
449.9052510257775
455.47537654288243
463.00750273539364
471.0721707104959
470.50978575072736
470.416069045527
467.1619507747319
467.54251584016794
467.6722688198817
468.2852408373176
469.8589938621751
470.06851592425727
470.23829189151917
470.5844966638454
470.36367372625284
473.0582315152314
475.0470369492486
477.6886345250643
477.87196922208204
478.93475148880833
480.4473153219743
478.0936837233275
478.48651442661395
479.4158441951511
480.0742804467747
481.327940598295
479.91154119087923
480.2540702763532
483.6728674159841
481.6160462324523
481.32565500731465
483.9583253388224
483.75207596314664
480.3368479433935
482.1970136241222
482.7019525592579
483.59464250894086
482.1509881984058
477.92457431513674
476.03414954326547
474.00858641130066
472.9469314732966
472.6222125806722
472.6743348163732
473.54436169449616
470.6220921021274
469.9906574459901
469.035396322471
467.3265675150272
464.53462577366224
461.2978029441103
460.1118678433688
457.2549287120062
458.36412132103686
458.9560304472591
458.3430829529999
457.01995872236523
460.4239500280944
473.683357998355
476.51584259051646
476.78747894209863
476.31099754113905
476.31684603849806
476.7207018408945
476.434193185608
476.29880204652414
477.2310650030391
477.6822177697028
478.1210622863093
478.55196728587987
478.3161131214314
479.80912017949566
479.7752271661602
479.7596346598497
486.4746881505813
495.12173962861056
509.3025363431778
518.4979203885872
556.7067769218248
606.6732156121262
655.202387297004
659.7292114144225